lat=32.95325541910332
lng=-117.24177865770446
zipCode=92130
noaaStation=9410230

timeInterval=60000

openWeatherMapAppId="114e2f8559d9daba8a4ad4e51464c8b6"
openuvAccessToken="6ea4a58a63389383792262542bf2ee9d"